 1 0.005401 0.000000 0.000000 0.000000 0.134128 0.363666 0.256615 0.348000 0.208911 0.372881
 2 0.024735 0.024785 0.005401 0.000000 0.161129 0.415815 0.279613 0.362653 0.216290 0.388457
 3 0.046555 0.051441 0.024735 0.024785 0.170937 0.429364 0.288550 0.363504 0.221860 0.397371
 4 0.072593 0.085179 0.046555 0.051441 0.182311 0.451900 0.295903 0.368066 0.227180 0.408267
 5 0.101045 0.121893 0.072593 0.085179 0.190641 0.464845 0.301099 0.368191 0.232070 0.416224
 6 0.138109 0.180760 0.101045 0.121893 0.207619 0.505608 0.313763 0.383184 0.237906 0.427654
 7 0.175329 0.241244 0.138109 0.180760 0.210987 0.513712 0.313702 0.383049 0.241702 0.434456
 8 0.222098 0.325148 0.175329 0.241244 0.226603 0.551011 0.325379 0.396709 0.246187 0.443441
 9 0.274807 0.419919 0.222098 0.325148 0.236216 0.567222 0.331602 0.399071 0.249916 0.449238
10 0.331064 0.524133 0.274807 0.419919 0.243674 0.584582 0.334976 0.402779 0.254396 0.457485
11 0.395139 0.647036 0.331064 0.524133 0.255988 0.612618 0.342260 0.410450 0.258844 0.465847
12 0.456668 0.765605 0.395139 0.647036 0.252349 0.605650 0.336445 0.404733 0.261179 0.469877
13 0.527115 0.904952 0.456668 0.765605 0.265564 0.634930 0.344017 0.412107 0.265561 0.477978
14 0.597632 1.045998 0.527115 0.904952 0.265352 0.635679 0.341287 0.409841 0.268370 0.483045
15 0.663221 1.178407 0.597632 1.045998 0.257865 0.621693 0.333289 0.402931 0.270293 0.486562
16 0.730464 1.315443 0.663221 1.178407 0.260425 0.627242 0.333650 0.402874 0.273500 0.492227
17 0.799794 1.460576 0.730464 1.315443 0.262952 0.636880 0.332184 0.403517 0.276393 0.498039
18 0.866226 1.598121 0.799794 1.460576 0.258378 0.622941 0.327235 0.395512 0.278597 0.500889
19 0.927146 1.727882 0.866226 1.598121 0.249730 0.609839 0.317893 0.389553 0.280025 0.504159
20 0.991616 1.867341 0.927146 1.727882 0.254719 0.621769 0.319969 0.391730 0.283140 0.509918
21 1.052460 1.998168 0.991616 1.867341 0.248992 0.606143 0.314444 0.384013 0.284942 0.512223
22 1.114789 2.135634 1.052460 1.998168 0.250323 0.612722 0.312839 0.384051 0.287232 0.516860
23 1.180138 2.280166 1.114789 2.135634 0.254232 0.619782 0.315390 0.385679 0.290099 0.521758
24 1.234832 2.405654 1.180138 2.280166 0.237027 0.588030 0.299823 0.373227 0.289821 0.521753
25 1.281417 2.517065 1.234832 2.405654 0.224071 0.564099 0.287163 0.362859 0.289918 0.522229
26 1.322945 2.617798 1.281417 2.517065 0.216272 0.545539 0.279702 0.353984 0.290707 0.523000
27 1.370004 2.736524 1.322945 2.617798 0.223950 0.569469 0.283786 0.362379 0.293209 0.528942
28 1.412691 2.844814 1.370004 2.736524 0.216805 0.549908 0.277601 0.353373 0.293903 0.529129
29 1.445180 2.933867 1.412691 2.844814 0.200710 0.518057 0.262367 0.340077 0.293045 0.527665
30 1.467112 3.003369 1.445180 2.933867 0.184543 0.486752 0.246552 0.326639 0.292002 0.526019
31 1.488354 3.073946 1.467112 3.003369 0.183851 0.486682 0.244981 0.325574 0.293034 0.528049
32 1.511924 3.147582 1.488354 3.073946 0.187963 0.488959 0.249219 0.325477 0.294860 0.530102
33 1.529418 3.207704 1.511924 3.147582 0.178894 0.466498 0.240914 0.315369 0.294631 0.528910
34 1.546725 3.273055 1.529418 3.207704 0.178764 0.473007 0.239693 0.318547 0.295446 0.531648
35 1.561724 3.332649 1.546725 3.273055 0.175546 0.461831 0.236704 0.312762 0.295874 0.531477
36 1.565231 3.363384 1.561724 3.332649 0.158797 0.416957 0.221930 0.292177 0.294456 0.526901
37 1.568993 3.401635 1.565231 3.363384 0.160120 0.428784 0.221878 0.298378 0.295313 0.530169
38 1.563285 3.423303 1.568993 3.401635 0.146721 0.404049 0.207930 0.287444 0.294057 0.528440
39 1.544563 3.413283 1.563285 3.423303 0.129143 0.357677 0.190552 0.265120 0.292445 0.523558
40 1.525649 3.407901 1.544563 3.413283 0.131790 0.368245 0.192379 0.270112 0.293643 0.526606
41 1.490063 3.355294 1.525649 3.407901 0.109989 0.299932 0.171111 0.233766 0.291581 0.518270
42 1.447617 3.283880 1.490063 3.355294 0.103095 0.276366 0.164975 0.220917 0.290986 0.515320
43 1.395365 3.178666 1.447617 3.283880 0.093977 0.233175 0.158645 0.195380 0.291006 0.510424
44 1.337231 3.056972 1.395365 3.178666 0.090132 0.217456 0.155539 0.185961 0.291001 0.508734
45 1.271030 2.910473 1.337231 3.056972 0.084281 0.191497 0.152915 0.172037 0.291170 0.506163
46 1.196629 2.740884 1.271030 2.910473 0.079046 0.170653 0.151202 0.161952 0.291534 0.504654
47 1.118321 2.563156 1.196629 2.740884 0.079861 0.172954 0.151484 0.162794 0.292172 0.505778
48 1.028359 2.354955 1.118321 2.563156 0.071258 0.144928 0.150174 0.152353 0.292556 0.504097
49 0.930420 2.129023 1.028359 2.354955 0.068032 0.136969 0.150082 0.150931 0.293113 0.504434
50 0.821526 1.879668 0.930420 2.129023 0.061173 0.122407 0.150009 0.150096 0.293286 0.504168
51 0.701218 1.606025 0.821526 1.879668 0.055206 0.110394 0.150001 0.150016 0.293993 0.505391
52 0.574587 1.317244 0.701218 1.606025 0.054300 0.108581 0.150001 0.150017 0.293484 0.505039
53 0.440551 1.010985 0.574587 1.317244 0.050641 0.101253 0.150001 0.150004 0.291694 0.502154
54 0.299807 0.689793 0.440551 1.010985 0.049036 0.098043 0.150000 0.150003 0.290434 0.499263
55 0.153243 0.353120 0.299807 0.689793 0.045260 0.090493 0.150000 0.150002 0.286638 0.493175
56 0.000000 0.000000 0.153243 0.353120 0.041760 0.083492 0.150000 0.150001 0.283500 0.487610
