 1 0.000000 0.000000 0.000000 0.000000 0.134128 0.363666 0.256615 0.348000 0.210574 0.375754
 2 0.018386 0.026613 0.000000 0.000000 0.169817 0.420810 0.294843 0.366626 0.220935 0.394699
 3 0.036991 0.053845 0.018386 0.026613 0.175565 0.434341 0.296172 0.367745 0.225671 0.405053
 4 0.061215 0.085203 0.036991 0.053845 0.189027 0.458362 0.307262 0.373640 0.231469 0.420061
 5 0.087827 0.125267 0.061215 0.085203 0.197112 0.479949 0.311276 0.380308 0.236328 0.429676
 6 0.123558 0.183353 0.087827 0.125267 0.214312 0.512015 0.324094 0.388191 0.242241 0.439439
 7 0.159779 0.244645 0.123558 0.183353 0.218209 0.522622 0.324583 0.389927 0.246158 0.446874
 8 0.206377 0.326225 0.159779 0.244645 0.234548 0.553126 0.337065 0.398200 0.250810 0.454528
 9 0.259686 0.423623 0.206377 0.326225 0.245008 0.577094 0.344035 0.406212 0.254729 0.462068
10 0.316632 0.529441 0.259686 0.423623 0.252239 0.591950 0.346902 0.407936 0.259173 0.469890
11 0.381064 0.652755 0.316632 0.529441 0.263369 0.616772 0.352173 0.413248 0.263369 0.477678
12 0.443469 0.773882 0.381064 0.652755 0.260726 0.613742 0.347810 0.410143 0.265900 0.482572
13 0.515352 0.917007 0.443469 0.773882 0.274170 0.643647 0.355239 0.417953 0.270333 0.490918
14 0.588907 1.060723 0.515352 0.917007 0.276502 0.642329 0.355938 0.414231 0.273680 0.495572
15 0.656991 1.195166 0.588907 1.060723 0.268209 0.627810 0.346905 0.406950 0.275402 0.498972
16 0.725386 1.334481 0.656991 1.195166 0.268223 0.633471 0.343660 0.406873 0.278053 0.504710
17 0.797719 1.482099 0.725386 1.334481 0.273563 0.642928 0.345809 0.407365 0.281527 0.510529
18 0.867643 1.625462 0.797719 1.482099 0.269770 0.635000 0.341851 0.403355 0.283885 0.514655
19 0.931265 1.758468 0.867643 1.625462 0.259889 0.617825 0.331166 0.394742 0.285004 0.517031
20 0.999551 1.901080 0.931265 1.758468 0.266248 0.628875 0.334637 0.396270 0.288402 0.522643
21 1.061627 2.036018 0.999551 1.901080 0.256181 0.615323 0.323705 0.389843 0.289240 0.525359
22 1.127924 2.178049 1.061627 2.036018 0.261828 0.622060 0.327402 0.390041 0.292430 0.530041
23 1.194956 2.326496 1.127924 2.178049 0.261433 0.627413 0.324454 0.390486 0.294356 0.534595
24 1.251668 2.455490 1.194956 2.326496 0.245402 0.596107 0.310571 0.378407 0.294274 0.534599
25 1.301188 2.570889 1.251668 2.455490 0.234345 0.573753 0.300504 0.369137 0.294727 0.535335
26 1.345743 2.675070 1.301188 2.570889 0.226781 0.554771 0.293489 0.360033 0.295529 0.535937
27 1.397772 2.798543 1.345743 2.675070 0.236969 0.579501 0.300678 0.368854 0.298530 0.542094
28 1.443730 2.911315 1.397772 2.798543 0.226912 0.559936 0.290715 0.359879 0.298567 0.542189
29 1.478532 3.004713 1.443730 2.911315 0.209647 0.528854 0.274200 0.347239 0.297397 0.540769
30 1.504413 3.078162 1.478532 3.004713 0.196676 0.497859 0.263026 0.334159 0.296978 0.539067
31 1.531357 3.152671 1.504413 3.078162 0.198505 0.497368 0.264841 0.332814 0.298511 0.540957
32 1.559357 3.230987 1.531357 3.152671 0.199804 0.500361 0.265133 0.333175 0.299713 0.543112
33 1.579637 3.295762 1.559357 3.230987 0.188032 0.478375 0.253419 0.323505 0.298868 0.541909
34 1.599865 3.364434 1.579637 3.295762 0.187807 0.481952 0.252022 0.324579 0.299613 0.543994
35 1.618177 3.427266 1.599865 3.364434 0.185081 0.470744 0.249774 0.318719 0.300108 0.543719
36 1.624105 3.464002 1.618177 3.427266 0.167324 0.432023 0.233864 0.302930 0.298430 0.540277
37 1.631338 3.506697 1.624105 3.464002 0.170015 0.440166 0.235811 0.306311 0.299533 0.542736
38 1.628616 3.534266 1.631338 3.506697 0.156054 0.418513 0.221221 0.297871 0.298088 0.541577
39 1.611648 3.525640 1.628616 3.534266 0.136959 0.366092 0.202182 0.271283 0.296104 0.535190
40 1.594783 3.524810 1.611648 3.525640 0.139712 0.381235 0.204051 0.279856 0.297276 0.539224
41 1.559499 3.475145 1.594783 3.524810 0.115820 0.312745 0.179909 0.243867 0.294714 0.530597
42 1.516814 3.403812 1.559499 3.475145 0.108221 0.285046 0.172997 0.227838 0.293911 0.526605
43 1.462597 3.298308 1.516814 3.403812 0.096616 0.242957 0.162744 0.203919 0.293352 0.521756
44 1.402211 3.175521 1.462597 3.298308 0.092538 0.226424 0.159335 0.193634 0.293250 0.519768
45 1.332868 3.024389 1.402211 3.175521 0.085595 0.195648 0.155024 0.175856 0.293145 0.516014
46 1.254599 2.848195 1.332868 3.024389 0.079583 0.172668 0.152092 0.163787 0.293305 0.513926
47 1.172287 2.664411 1.254599 2.848195 0.080365 0.176101 0.152303 0.165696 0.293904 0.515219
48 1.077682 2.447686 1.172287 2.664411 0.071371 0.145586 0.150365 0.152945 0.294170 0.512884
49 0.974789 2.212547 1.077682 2.447686 0.068073 0.137326 0.150153 0.151268 0.294676 0.513055
50 0.860537 1.953046 0.974789 2.212547 0.061176 0.122448 0.150014 0.150137 0.294796 0.512638
51 0.734510 1.668457 0.860537 1.953046 0.055207 0.110413 0.150002 0.150034 0.295448 0.513834
52 0.601917 1.368255 0.734510 1.668457 0.054301 0.108586 0.150002 0.150021 0.294902 0.513410
53 0.461549 1.050027 0.601917 1.368255 0.050641 0.101255 0.150001 0.150006 0.293100 0.510373
54 0.314155 0.716372 0.461549 1.050027 0.049036 0.098044 0.150001 0.150004 0.291823 0.507368
55 0.160610 0.366678 0.314155 0.716372 0.045260 0.090493 0.150000 0.150001 0.287955 0.501090
56 0.000000 0.000000 0.160610 0.366678 0.041760 0.083493 0.150000 0.150001 0.284785 0.495315
