 1 0.001036 0.000000 0.000000 0.000000 0.134128 0.363666 0.256615 0.348000 0.209754 0.374061
 2 0.021000 0.026542 0.001036 0.000000 0.169817 0.420810 0.294843 0.366626 0.219030 0.392059
 3 0.041150 0.054315 0.021000 0.026542 0.175452 0.434342 0.295998 0.367746 0.223763 0.401810
 4 0.066766 0.087616 0.041150 0.054315 0.188940 0.458363 0.307139 0.373641 0.229580 0.415410
 5 0.094433 0.129823 0.066766 0.087616 0.196528 0.480759 0.310422 0.380889 0.234357 0.425209
 6 0.131036 0.189075 0.094433 0.129823 0.213941 0.512133 0.323552 0.388240 0.240336 0.434836
 7 0.167891 0.251537 0.131036 0.189075 0.217403 0.522865 0.323483 0.390053 0.244196 0.442341
 8 0.215054 0.333346 0.167891 0.251537 0.234227 0.552898 0.336637 0.398050 0.248987 0.449938
 9 0.267793 0.430272 0.215054 0.333346 0.243083 0.576550 0.341254 0.405825 0.252603 0.457460
10 0.323833 0.535502 0.267793 0.430272 0.249984 0.591664 0.343660 0.407749 0.257016 0.465389
11 0.387480 0.657347 0.323833 0.535502 0.261821 0.615962 0.350193 0.412679 0.261409 0.473121
12 0.449759 0.777559 0.387480 0.657347 0.260179 0.613690 0.347051 0.410110 0.264212 0.478263
13 0.521313 0.918965 0.449759 0.777559 0.273815 0.643465 0.354771 0.417835 0.268734 0.486640
14 0.592461 1.060903 0.521313 0.918965 0.272610 0.641979 0.350793 0.414014 0.271374 0.491353
15 0.658758 1.193914 0.592461 1.060903 0.265151 0.627388 0.342908 0.406666 0.273343 0.494844
16 0.726955 1.331873 0.658758 1.193914 0.268002 0.633396 0.343394 0.406834 0.276667 0.500749
17 0.798981 1.477985 0.726955 1.331873 0.273346 0.643003 0.345569 0.407416 0.280202 0.506693
18 0.865854 1.616224 0.798981 1.477985 0.264621 0.628466 0.335199 0.399145 0.281565 0.509507
19 0.928814 1.748058 0.865854 1.616224 0.258643 0.617668 0.329593 0.394659 0.283598 0.513379
20 0.993795 1.889372 0.928814 1.748058 0.260763 0.629012 0.327630 0.396373 0.286152 0.519157
21 1.055568 2.020842 0.993795 1.889372 0.255684 0.611142 0.323047 0.387192 0.288139 0.521070
22 1.120278 2.160447 1.055568 2.020842 0.259376 0.620218 0.324327 0.388886 0.290977 0.526368
23 1.186742 2.304242 1.120278 2.160447 0.260857 0.622153 0.323696 0.387023 0.293381 0.530310
24 1.243191 2.429417 1.186742 2.304242 0.244680 0.591234 0.309658 0.375183 0.293350 0.530543
25 1.291752 2.540175 1.243191 2.429417 0.231969 0.566798 0.297407 0.364439 0.293527 0.530977
26 1.334173 2.642586 1.291752 2.540175 0.222158 0.552320 0.287367 0.358584 0.293928 0.532682
27 1.383943 2.761463 1.334173 2.642586 0.232821 0.573509 0.295252 0.364816 0.297105 0.538202
28 1.429016 2.871066 1.383943 2.761463 0.224919 0.555971 0.288168 0.357416 0.297686 0.538876
29 1.464083 2.961125 1.429016 2.871066 0.208997 0.523557 0.273434 0.343785 0.296887 0.537328
30 1.488823 3.031419 1.464083 2.961125 0.193071 0.491889 0.258055 0.330074 0.295918 0.535640
31 1.513050 3.102008 1.488823 3.031419 0.192452 0.490466 0.256533 0.328156 0.297006 0.537471
32 1.538004 3.177521 1.513050 3.102008 0.193582 0.496005 0.256759 0.330274 0.298255 0.540313
33 1.557425 3.240448 1.538004 3.177521 0.185382 0.475063 0.249787 0.321267 0.298245 0.539485
34 1.576646 3.305865 1.557425 3.240448 0.185086 0.476715 0.248300 0.320928 0.299060 0.541305
35 1.593634 3.366980 1.576646 3.305865 0.181886 0.468107 0.245465 0.316996 0.299537 0.541733
36 1.597267 3.402663 1.593634 3.366980 0.161880 0.429113 0.226251 0.300914 0.297456 0.538397
37 1.603160 3.441534 1.597267 3.402663 0.166676 0.433156 0.231044 0.301126 0.299099 0.540122
38 1.599974 3.462909 1.603160 3.441534 0.153854 0.406901 0.218140 0.289481 0.297990 0.538096
39 1.580970 3.455214 1.599974 3.462909 0.131341 0.365223 0.193760 0.270776 0.295340 0.534209
40 1.562862 3.449559 1.580970 3.455214 0.135916 0.371184 0.198454 0.272214 0.296995 0.536370
41 1.527447 3.399509 1.562862 3.449559 0.113092 0.307955 0.175849 0.240123 0.294740 0.529050
42 1.484916 3.328331 1.527447 3.399509 0.105840 0.280327 0.169266 0.224157 0.294099 0.525235
43 1.431835 3.223170 1.484916 3.328331 0.095528 0.236973 0.161074 0.198724 0.293904 0.520279
44 1.372558 3.102224 1.431835 3.223170 0.091309 0.222598 0.157387 0.190512 0.293858 0.518907
45 1.304848 2.953430 1.372558 3.102224 0.085029 0.191515 0.154122 0.172170 0.293984 0.515255
46 1.228482 2.781260 1.304848 2.953430 0.079242 0.170556 0.151508 0.161959 0.294282 0.513760
47 1.148224 2.600956 1.228482 2.781260 0.080358 0.173250 0.152314 0.163111 0.295041 0.515050
48 1.055901 2.390030 1.148224 2.600956 0.071326 0.145383 0.150290 0.152786 0.295389 0.513445
49 0.955386 2.160865 1.055901 2.390030 0.068047 0.136955 0.150107 0.150919 0.295991 0.513746
50 0.843712 1.908040 0.955386 2.160865 0.061175 0.122440 0.150012 0.150129 0.296210 0.513545
51 0.720437 1.630619 0.843712 1.908040 0.055206 0.110403 0.150001 0.150025 0.296961 0.514865
52 0.590605 1.337714 0.720437 1.630619 0.054301 0.108582 0.150002 0.150018 0.296491 0.514590
53 0.453073 1.026970 0.590605 1.337714 0.050641 0.101254 0.150001 0.150005 0.294752 0.511724
54 0.308515 0.700909 0.453073 1.026970 0.049036 0.098043 0.150000 0.150003 0.293559 0.508848
55 0.157798 0.358914 0.308515 0.700909 0.045260 0.090493 0.150000 0.150002 0.289770 0.502735
56 0.000000 0.000000 0.157798 0.358914 0.041760 0.083492 0.150000 0.150001 0.286695 0.497155
