 1 0.004533 0.000000 0.000000 0.000000 0.126167 0.347750 0.241385 0.332769 0.206771 0.360857
 2 0.025988 0.025303 0.004533 0.000000 0.158630 0.403457 0.275640 0.351406 0.215236 0.378096
 3 0.048277 0.051018 0.025988 0.025303 0.165553 0.425167 0.279263 0.360299 0.220147 0.393548
 4 0.073515 0.086379 0.048277 0.051018 0.174867 0.450451 0.283651 0.366855 0.224999 0.403935
 5 0.101655 0.125621 0.073515 0.086379 0.184225 0.464208 0.290998 0.367688 0.230038 0.411586
 6 0.139088 0.185888 0.101655 0.125621 0.202550 0.502913 0.306242 0.381103 0.236090 0.422393
 7 0.175929 0.248290 0.139088 0.185888 0.204693 0.511821 0.304365 0.381647 0.239580 0.429206
 8 0.222373 0.329684 0.175929 0.248290 0.220528 0.541370 0.316604 0.389778 0.244050 0.436413
 9 0.274601 0.425325 0.222373 0.329684 0.229966 0.563608 0.322690 0.396487 0.247683 0.443305
10 0.329441 0.527977 0.274601 0.425325 0.235967 0.576763 0.324189 0.397237 0.251801 0.450504
11 0.392264 0.648650 0.329441 0.527977 0.248776 0.603824 0.332492 0.404613 0.256282 0.458484
12 0.453378 0.766217 0.392264 0.648650 0.246730 0.599167 0.328831 0.400382 0.258892 0.462859
13 0.523030 0.904139 0.453378 0.766217 0.259417 0.627832 0.335793 0.407506 0.263099 0.470648
14 0.593320 1.045186 0.523030 0.904139 0.260297 0.631167 0.334791 0.406960 0.266070 0.476099
15 0.658353 1.175906 0.593320 1.045186 0.252288 0.614276 0.326051 0.398101 0.267827 0.478886
16 0.724699 1.309561 0.658353 1.175906 0.254360 0.617064 0.325636 0.396219 0.270867 0.483821
17 0.793170 1.452970 0.724699 1.309561 0.257078 0.629845 0.324698 0.399030 0.273738 0.490116
18 0.858885 1.590520 0.793170 1.452970 0.252841 0.619013 0.320133 0.393054 0.275947 0.493482
19 0.918687 1.718273 0.858885 1.590520 0.243569 0.602426 0.310028 0.384746 0.277189 0.495900
20 0.982147 1.855341 0.918687 1.718273 0.248880 0.613849 0.312547 0.386654 0.280303 0.501386
21 1.040409 1.984451 0.982147 1.855341 0.240539 0.599551 0.303529 0.379707 0.281503 0.503843
22 1.101397 2.121260 1.040409 1.984451 0.244240 0.608061 0.305141 0.381144 0.284218 0.508720
23 1.164836 2.263159 1.101397 2.121260 0.247294 0.611742 0.306650 0.380505 0.286831 0.512762
24 1.217437 2.386137 1.164836 2.263159 0.229891 0.580361 0.290746 0.368238 0.286464 0.512737
25 1.261790 2.495050 1.217437 2.386137 0.216839 0.556601 0.277737 0.357856 0.286496 0.513152
26 1.301488 2.593449 1.261790 2.495050 0.209875 0.538450 0.271209 0.349353 0.287394 0.513902
27 1.347887 2.709822 1.301488 2.593449 0.219706 0.562467 0.278440 0.357767 0.290267 0.519676
28 1.387693 2.816829 1.347887 2.709822 0.208769 0.544846 0.267080 0.350148 0.290131 0.520164
29 1.417693 2.904118 1.387693 2.816829 0.193507 0.512177 0.252695 0.336105 0.289398 0.518463
30 1.439268 2.972048 1.417693 2.904118 0.181103 0.481227 0.241776 0.322857 0.289073 0.516820
31 1.461269 3.040565 1.439268 2.972048 0.182286 0.480323 0.242777 0.321324 0.290426 0.518549
32 1.484558 3.113131 1.461269 3.040565 0.184502 0.484345 0.244549 0.322398 0.291797 0.520834
33 1.499521 3.172555 1.484558 3.113131 0.171504 0.462473 0.230923 0.312634 0.290710 0.519685
34 1.514246 3.233683 1.499521 3.172555 0.171438 0.462877 0.229846 0.311496 0.291480 0.521041
35 1.527380 3.291557 1.514246 3.233683 0.169583 0.456202 0.228672 0.308726 0.292125 0.521695
36 1.528001 3.324723 1.527380 3.291557 0.151086 0.418428 0.210916 0.293290 0.290291 0.518546
37 1.529990 3.360165 1.528001 3.324723 0.154510 0.420896 0.213990 0.292499 0.291527 0.519748
38 1.522182 3.380033 1.529990 3.360165 0.140580 0.397959 0.199042 0.283231 0.290120 0.518314
39 1.501907 3.369504 1.522182 3.380033 0.123979 0.353772 0.182930 0.262107 0.288663 0.513859
40 1.481851 3.361316 1.501907 3.369504 0.127376 0.360268 0.185843 0.264091 0.289949 0.515928
41 1.446928 3.308624 1.481851 3.361316 0.108640 0.296706 0.169150 0.231244 0.288486 0.508628
42 1.405172 3.236663 1.446928 3.308624 0.101581 0.272149 0.162787 0.217454 0.287801 0.505437
43 1.354121 3.131252 1.405172 3.236663 0.093151 0.229376 0.157385 0.192204 0.287901 0.500611
44 1.297571 3.011028 1.354121 3.131252 0.089710 0.216290 0.154908 0.185123 0.287917 0.499395
45 1.233214 2.865259 1.297571 3.011028 0.084014 0.188680 0.152500 0.169738 0.288049 0.496431
46 1.160872 2.697114 1.233214 2.865259 0.078833 0.168736 0.150849 0.160280 0.288352 0.495033
47 1.084820 2.521464 1.160872 2.697114 0.079635 0.171707 0.151121 0.161809 0.288908 0.496169
48 0.997446 2.316452 1.084820 2.521464 0.071246 0.145161 0.150156 0.152586 0.289261 0.494728
49 0.902322 2.093844 0.997446 2.316452 0.068013 0.136885 0.150049 0.150854 0.289740 0.494903
50 0.796496 1.848190 0.902322 2.093844 0.061171 0.122402 0.150007 0.150093 0.289847 0.494566
51 0.679497 1.578625 0.796496 1.848190 0.055206 0.110393 0.150001 0.150015 0.290488 0.495655
52 0.556459 1.294349 0.679497 1.578625 0.054300 0.108583 0.150001 0.150018 0.289923 0.495192
53 0.426364 0.993044 0.556459 1.294349 0.050641 0.101253 0.150000 0.150004 0.288068 0.492257
54 0.289937 0.677280 0.426364 0.993044 0.049036 0.098043 0.150000 0.150003 0.286724 0.489322
55 0.148078 0.346578 0.289937 0.677280 0.045260 0.090492 0.150000 0.150001 0.282913 0.483230
56 0.000000 0.000000 0.148078 0.346578 0.041760 0.083493 0.150000 0.150001 0.279702 0.477653
