 1 0.006903 0.000000 0.000000 0.000000 0.126167 0.347750 0.241385 0.332769 0.204598 0.358870
 2 0.026826 0.025338 0.006903 0.000000 0.152718 0.403457 0.264769 0.351406 0.211841 0.375093
 3 0.049333 0.051775 0.026826 0.025338 0.163011 0.416518 0.275090 0.352541 0.217442 0.384020
 4 0.075336 0.089225 0.049333 0.051775 0.173544 0.450453 0.281425 0.366856 0.222554 0.398722
 5 0.104803 0.130476 0.075336 0.089225 0.184085 0.464222 0.290803 0.367698 0.227849 0.406391
 6 0.142527 0.191855 0.104803 0.130476 0.201115 0.502604 0.303946 0.380888 0.233647 0.417114
 7 0.180389 0.254759 0.142527 0.191855 0.204510 0.510476 0.304124 0.380587 0.237426 0.423753
 8 0.227487 0.336364 0.180389 0.254759 0.220251 0.540708 0.316213 0.389303 0.241906 0.431133
 9 0.279227 0.431616 0.227487 0.336364 0.227963 0.562730 0.319879 0.395920 0.245227 0.438023
10 0.334143 0.534036 0.279227 0.431616 0.235157 0.576550 0.323024 0.397105 0.249624 0.445401
11 0.396703 0.653770 0.334143 0.534036 0.247850 0.603426 0.331327 0.404348 0.254118 0.453381
12 0.456088 0.769319 0.396703 0.653770 0.243029 0.596525 0.323810 0.398515 0.256217 0.457383
13 0.524782 0.905928 0.456088 0.769319 0.257754 0.627794 0.333723 0.407474 0.260879 0.465749
14 0.593469 1.042668 0.524782 0.905928 0.257523 0.625860 0.331144 0.403510 0.263677 0.470207
15 0.657127 1.170541 0.593469 1.042668 0.249619 0.611018 0.322604 0.395943 0.265518 0.473517
16 0.721765 1.302990 0.657127 1.170541 0.251243 0.616974 0.321675 0.396161 0.268522 0.479182
17 0.790041 1.443052 0.721765 1.302990 0.256885 0.626468 0.324493 0.396818 0.272047 0.484887
18 0.853276 1.576777 0.790041 1.443052 0.248338 0.614441 0.314236 0.390150 0.273448 0.488118
19 0.912342 1.701923 0.853276 1.576777 0.241926 0.599497 0.308020 0.382744 0.275338 0.490989
20 0.974847 1.835379 0.912342 1.701923 0.247130 0.609798 0.310209 0.384003 0.278496 0.496340
21 1.031909 1.961378 0.974847 1.835379 0.238026 0.595974 0.300447 0.377409 0.279612 0.499015
22 1.091691 2.094844 1.031909 1.961378 0.241987 0.604676 0.302180 0.378902 0.282449 0.504034
23 1.152614 2.233210 1.091691 2.094844 0.242938 0.608444 0.301184 0.378472 0.284702 0.508202
24 1.203574 2.352888 1.152614 2.233210 0.226537 0.576301 0.286328 0.365610 0.284625 0.508170
25 1.247364 2.460207 1.203574 2.352888 0.214976 0.554771 0.275260 0.356792 0.285039 0.509175
26 1.284745 2.556964 1.247364 2.460207 0.204649 0.535875 0.264367 0.347674 0.285336 0.509917
27 1.328685 2.668608 1.284745 2.556964 0.214944 0.555698 0.272187 0.353387 0.288375 0.514951
28 1.368517 2.771886 1.328685 2.668608 0.208200 0.539528 0.266359 0.346638 0.289165 0.515875
29 1.398266 2.856628 1.368517 2.771886 0.191802 0.507875 0.250562 0.333283 0.288285 0.514539
30 1.418831 2.922544 1.398266 2.856628 0.177568 0.476789 0.237199 0.319771 0.287675 0.513027
31 1.438622 2.988504 1.418831 2.922544 0.176851 0.475205 0.235614 0.317779 0.288722 0.514759
32 1.458232 3.056648 1.438622 2.988504 0.176845 0.476483 0.234358 0.317022 0.289718 0.516626
33 1.473414 3.113117 1.458232 3.056648 0.170633 0.456767 0.229666 0.308659 0.290086 0.516065
34 1.488302 3.173255 1.473414 3.113117 0.170568 0.461125 0.228575 0.310432 0.290939 0.518351
35 1.499822 3.228352 1.488302 3.173255 0.165550 0.451228 0.223093 0.305494 0.291022 0.518500
36 1.498999 3.255185 1.499822 3.228352 0.146776 0.405784 0.204869 0.284296 0.289218 0.513959
37 1.499672 3.291378 1.498999 3.255185 0.150862 0.421812 0.208866 0.293322 0.290674 0.518052
38 1.491663 3.309772 1.499672 3.291378 0.138546 0.393953 0.196198 0.280233 0.289684 0.515765
39 1.470958 3.296877 1.491663 3.309772 0.120900 0.346482 0.178387 0.256786 0.288092 0.510812
40 1.450340 3.288636 1.470958 3.296877 0.124417 0.357871 0.181674 0.262418 0.289489 0.514012
41 1.415383 3.234606 1.450340 3.288636 0.105917 0.289288 0.165097 0.225297 0.288153 0.505848
42 1.374435 3.160757 1.415383 3.234606 0.100238 0.263055 0.160777 0.210000 0.287839 0.502463
43 1.324480 3.055891 1.374435 3.160757 0.091987 0.223133 0.155621 0.187014 0.288057 0.498382
44 1.269177 2.937066 1.324480 3.055891 0.088754 0.211287 0.153438 0.180900 0.288203 0.497574
45 1.206465 2.794435 1.269177 2.937066 0.083565 0.185745 0.151772 0.167171 0.288525 0.495193
46 1.136109 2.630648 1.206465 2.794435 0.078779 0.167127 0.150765 0.158917 0.288996 0.494222
47 1.062002 2.458965 1.136109 2.630648 0.079580 0.169557 0.151051 0.159882 0.289640 0.495402
48 0.976807 2.259376 1.062002 2.458965 0.071205 0.144352 0.150088 0.151839 0.290085 0.494395
49 0.883964 2.042770 0.976807 2.259376 0.068013 0.136650 0.150050 0.150634 0.290663 0.494847
50 0.780597 1.803710 0.883964 2.042770 0.061170 0.122378 0.150005 0.150072 0.290863 0.494697
51 0.666222 1.541239 0.780597 1.803710 0.055206 0.110390 0.150001 0.150013 0.291601 0.495912
52 0.545809 1.264178 0.666222 1.541239 0.054300 0.108578 0.150001 0.150013 0.291118 0.495591
53 0.418398 0.970274 0.545809 1.264178 0.050641 0.101252 0.150000 0.150003 0.289328 0.492826
54 0.284649 0.661997 0.418398 0.970274 0.049036 0.098043 0.150000 0.150003 0.288067 0.490038
55 0.145445 0.338895 0.284649 0.661997 0.045260 0.090492 0.150000 0.150001 0.284342 0.484102
56 0.000000 0.000000 0.145445 0.338895 0.041760 0.083492 0.150000 0.150000 0.281222 0.478705
